1.
    1.
        19,625
        10011,0101

            19: 16,2,1
        10011

        ,625 0
            1,25 1
            0,5 0
            1,0 1
        0101
    2.
        345,23
        101011001,00010111000010100011110...

            345:256,64,16,8,1
        101011001

        ,23 0
        ,46 0
        ,72 0
        ,44 1
        ,88 0
        ,76 1
        ,52 1
        ,04 1
        ,08 0
        ,16 0
        ,32 0
        ,64 0
        ,28 1
        ,56 0
        ,12 1
        ,24 0
        ,48 0
        ,96 0
        ,92 1
        ,84 1
        ,68 1
        ,36 1
        ,72 0
        ...
        00010111000010100011110...
    3.
        102,103
        1100110,00110100101000...

            102: 64,32,4,2
        1100110

        ,103 0
        ,206 0
        ,412 0
        ,824 0
        ,648 1
        ,296 1
        ,592 0
        ,184 1
        ,368 0
        ,736 0
        ,472 1
        ,944 0
        ,088 1
        ,172 0
        ,344 0
        ,688 0...
        ,000110100101000...
    4.
        115,9
        1110011,0111001...

            115: 64,32,16,2,1
        1110011

        ,9 0
        ,8 1
        ,6 1
        ,2 1
        ,4 0
        ,8 0
        ,2 1...
        ,0111001...
    5.
        22,22
            22: 16,4,2
        10110,00111...
        
        ,22 0
        ,44 0
        ,88 1
        ,72 1
        ,44 1...
        ,00111...

2.
       bin         hex   dec   BCD
    1. 1101 1111 / D F / 223 / 0010 0010 0011
    2. 1000 1001 / 8 9 / 137 / 0001 0011 0111
    3. 1100 1011 / C B / 203 / 0010 0000 0011
    4. 1110 0101 / E 5 / 229 / 0010 0010 1001
    5. 1010 1010 / A A / 170 / 0001 0111 0000

3.
    1. ABCD / 1010 1011 1100 1101
    2. 212F / 0010 0001 0010 1111
    3. 1100 / 0001 0001 0000 0000
    4. 00FF / 0000 0000 1111 1111
    5. A00A / 1010 0000 0000 1010

    1. FC46 / 64582
    2. 0AFD / 2813
    3. 1234 / 4660
    4. A11B / 41243
    5. DDEE / 56814

4.
    1. 
        1101
        1011
       +1011
      100011

    2.
        1111
         *11
       /1111
      +1111
      101101
    
    3.
        111001
        -00011
        110110
    
    4.
        010011100.1
        111010110:11
       -11
        00101
          -11
           100
           -11
             11
            -11

5.
    1.
    -121
    121: 64,32,16,8,1
    11111001
    uzup: 10000111
    
    2.
    -45
    45: 32,8,4,1
    10101101
    uzup: 11010011

    3.
    27: 16,8,2,1
    00011011
    uzup:00011011

    4.
    -99
    99: 64,32,2,1
    11100011
    uzup:10011101

    5.
    -156, nie ma na tyle bitów

6.
    1.
    -23 45
    23: 16,4,2,1 45:32,8,4,2,1
    10010111
    11101001
   +00101111
   100011001